Chosen round (best AUC): 5
F1-optimal threshold: 0.4850
F1 at that threshold: 0.6154
Metrics at F1-optimal threshold:
  accuracy: 0.5
  precision: 0.46153846153846156
  recall: 0.9230769230769231
  f1: 0.6153846153846154
  auc: 0.6244343891402715
  n: 30